SB+po+po-ctrlfenceis,108.24415269612983|1442.5373134328358|13.326699664622277
SB+po+po-ctrlfencei,321.7212249698975|3594.21768707483|11.171838872026955
SB+pos-po-addrs+pos-po-ctrlfencei,611.4336817464928|6505.109489051094|10.63910884083122
SB+pos-po-addr+pos-po-ctrlfencei,1222.8766779758498|11185.396825396825|9.14679053648427
SB+po-ctrlfencei+pos-po-addr,814.954636956926|4336.8421052631575|5.321574856555333
MP+fence.rw.w+ctrl,6626.262379588463|4750.0|0.716844538880908
SB+po+pos-po-ctrlfenceis,73.76039957503689|1098.4615384615383|14.89229376183174
SB+po-addr+po-ctrlfenceis,275.2392498916156|1929.5019157088122|7.010271668988403
MP+fence.rw.rw+ctrl-cleaninit,7446.332556655556|3926.829268292683|0.5273507781737293
SB+po-ctrlfenceis+pos-po-addr,135.77253578066615|465.57971014492756|3.429115523753999
MP+fence.rw.rw+po,8755.841736360404|24638.888888888887|2.813994317253465
SB+pos-po+pos-po-ctrlfencei,574.6055424893774|6188.993710691823|10.770856271032642
MP+poprl+po+NEW,542.0616097343819|1100.0|2.0292896236260227
SB+po-addr+po-ctrlfencei,370.10897953075244|10641.015625|28.75103338073924
MP+wsi-rfi-addr+ctrl,62173.21481738469|90170.0|1.4503030004938227
SB+po-addrs+po-ctrlfencei,467.11719411232576|4154.125412541254|8.89311176060526
SB+pos-ctrlfencei+pos-pos-addr,200.31726643561814|3091.372549019608|15.432381861167087
SB+rfi-ctrlfencei+pos-rfi-addr,731.5041269097449|5560.992907801418|7.6021347019516545
SB+pos-po+po-ctrlfencei,775.4914028728912|3420.3508771929824|4.410559375025855
MP+fence.rw.w+po,8297.606753163152|28123.529411764706|3.389354334132991
SB+pos-po-addr+pos-po-ctrlfenceis,129.9721511410058|1663.7037037037037|12.800462938393348
R+rfi-ctrlfencei+rfi-addr,11143.377600977858|25118.410041841|2.2541110012853554
MP,112591.50604115802|307894.1176470588|2.7346123031208727
SB+pos-po+pos-po-ctrlfenceis,115.01671521167492|1154.5454545454545|10.038066662055577
SB+po-addr+pos-po-ctrlfenceis,909.5742096418901|269.7080291970803|0.2965211923755704
SB+po+pos-po-ctrlfencei,974.820107460842|3404.220779220779|3.4921528117509877
MP+fence.rw.rw+ctrl,7010.9779448945965|3951.190476190476|0.5635719449192874
SB+pos-po-addrs+pos-po-ctrlfenceis,314.8212594658293|86.0759493670886|0.2734121244325664
MP+wsi-rfi-data+ctrl,63831.839953469185|76286.66666666667|1.1951193436109087
MP+fence.w.w+po,13042.707985483778|31959.740259740258|2.4503914597574896
SB+po-ctrlfencei+pos-po-addrs,784.2677288761921|13091.928251121077|16.693187503559546
SB+po-addrs+po-ctrlfenceis,154.23752011917261|321.10726643598616|2.081901123590943
MP+fence.w.w+ctrl,12099.939321243259|4564.556962025316|0.3772380043271417
SB+po-addrs+pos-po-ctrlfenceis,110.96350419768905|1455.2742616033754|13.114890991642667
